2007-05-23  22:27:44  1800  qe230023 2454244.44877  18.64 6346.26 6371.25 6677.60 6561.93 0.010 0.008 0.031 0.005
2007-07-04  23:11:43  3083  qg040012 2454286.48828   6.02 6346.66 6370.85 6678.07 6562.39 0.020 0.026 0.046 0.005
2007-07-06  20:31:48  1200  qg060012 2454288.36661   5.54 6346.54 6370.66 6677.79 6562.33 0.025 0.034 0.019 0.007
2007-07-07  01:08:58  1203  qg060032 2454288.55911   5.15 6346.38 6370.91 6677.92 6562.34 0.011 0.011 0.030 0.004
2007-07-08  01:08:57  1200  qg070051 2454289.55909   4.79 6346.61 6371.29 6677.69 6562.38 0.037 0.038 0.026 0.005
2007-07-13  23:17:35  1200  qg130017 2454295.48183   2.72 6346.43 6371.27 6678.21 6562.34 0.030 0.019 0.022 0.005
2007-07-14  02:10:38   800  qg130023 2454295.59969   2.50 6346.29 6371.15 6678.38 6562.33 0.025 0.027 0.057 0.005
2007-07-14  20:38:12  2270  qg140022 2454296.37735   2.57 6346.31 6371.44 6678.44 6562.31 0.015 0.039 0.030 0.007
2007-07-15  00:51:18  1426  qg140035 2454296.54823   2.21 6346.52 6371.44 6678.49 6562.32 0.016 0.026 0.026 0.005
2007-07-15  01:18:16  1528  qg140037 2454296.56755   2.18 6346.36 6371.43 6678.42 6562.33 0.026 0.030 0.027 0.009
2007-07-15  01:46:26  1207  qg140039 2454296.58525   2.15 6346.53 6371.25 6678.20 6562.32 0.020 0.034 0.028 0.008
2007-07-15  21:19:03  3000  qg150033 2454297.40995   2.13 6346.25 6371.08 6677.65 6562.29 0.028 0.038 0.018 0.005
2007-07-15  22:12:23  3000  qg150035 2454297.44699   2.05 6346.43 6371.00 6678.04 6562.29 0.039 0.024 0.017 0.005
2007-07-16  00:41:30  3000  qg150041 2454297.55054   1.83 6346.42 6371.21 6678.32 6562.29 0.048 0.036 0.033 0.004
2007-07-16  01:34:34  2700  qg150043 2454297.58577   1.77 6346.30 6371.23 6678.09 6562.29 0.021 0.041 0.028 0.005
2007-07-22  21:14:23  3684  qg220007 2454304.41068  -0.51 6346.45 6371.48 6678.40 6562.29 0.020 0.022 0.034 0.005
2007-07-22  23:29:54  4309  qg220017 2454304.50841  -0.72 6346.33 6371.00 6678.04 6562.27 0.029 0.032 0.017 0.005
2007-07-25  20:13:33  2722  qg250012 2454307.36286  -1.54 6346.18 6370.58 6677.25 6562.25 0.020 0.033 0.023 0.004
2007-07-26  20:28:09  1800  qg260014 2454308.36766  -1.92 6346.67 6371.22 6678.01 6562.27 0.044 0.027 0.024 0.005
2007-07-27  23:47:42  3209  qg270017 2454309.52132  -2.61 6346.41 6371.27 6678.35 6562.35 0.025 0.028 0.022 0.005
2007-08-05  00:12:08  2799  qh040044 2454317.52887  -5.58 6346.72 6371.44 6678.09 6562.54 0.029 0.025 0.028 0.004
2007-08-06  00:19:45  3000  qh050038 2454318.53530  -5.95 6346.74 6371.25 6678.33 6562.59 0.020 0.029 0.021 0.005
2007-08-06  20:35:40  1200  qh060012 2454319.36926  -5.99 6346.48 6371.32 6677.91 6562.57 0.018 0.031 0.029 0.005
2007-08-12  21:33:52  3200  qh120011 2454325.42110  -8.26 6346.82 6371.64 6678.03 6562.77 0.019 0.027 0.036 0.004
2007-10-13  17:28:29  3100  qj130019 2454387.24668 -22.23 6347.22 6371.76 6678.45 6562.89 0.047 0.044 0.045 0.008
2007-10-13  20:41:59  3200  qj130031 2454387.38162 -22.42 6347.06 6371.35 6678.68 6562.90 0.021 0.017 0.076 0.005
2007-10-15  17:32:02   301  qj150015 2454389.23228 -22.31 6347.36 6370.66 6678.80 6562.94 0.037 0.033 0.030 0.007 
2007-10-15  17:38:08  2506  qj150016 2454389.24979 -22.34 6347.14 6371.72 6678.49 6562.95 0.026 0.027 0.037 0.004
2007-10-15  20:33:06  2900  qj150031 2454389.37357 -22.52 6346.74 6371.19 6678.58 6562.94 0.041 0.023 0.013 0.000
2007-10-16  18:27:36  2200  qj160018 2454390.28230 -22.44 6347.01 6371.80 6678.28 6562.96 0.016 0.041 0.028 0.005
2008-07-02  00:59:40   900  rg010029 2454649.55080   6.71 6346.35 6371.60 6678.05 6562.10 0.023 0.040 0.025 0.004
2008-08-28  00:26:07   600  rh270030 2454706.52510 -13.63 6346.52 6372.84 6678.46 6562.77 0.056 0.097 0.034 0.005
2008-10-13  18:22:53   600  rj130012 2454753.26993 -22.29 6346.92 6372.02 6677.97 6563.17 0.034 0.024 0.049 0.000
2008-10-13  18:36:29  2200  rj130013 2454753.28863 -22.32 6347.02 6371.53 6678.12 6563.15 0.029 0.027 0.022 0.005
2009-04-13  01:58:08  2200  sd120024 2454934.59435  22.29 6347.01 6370.53 6677.45 6561.76 0.044 0.031 0.041 0.005
2009-07-30  22:22:44  1200  sg300019 2455043.44371  -3.76 6346.69 6371.32 6677.80 6562.61 0.050 0.053 0.035 0.005
2009-07-30  22:43:52  1200  sg300020 2455043.45838  -3.79 6346.79 6371.67 6678.04 6562.62 0.037 0.043 0.048 0.005
2009-07-31  20:40:23  1180  sg310011 2455044.37216  -3.97 6347.44 6372.45 6679.29 6562.61 0.067 0.294 0.036 0.005
2009-08-02  02:11:07   900  sh010042 2455045.60054  -4.76 6346.30 6371.91 6678.41 6562.62 0.044 0.044 0.048 0.005
2009-08-30  19:49:42  1800  sh300016 2455074.33997 -14.15 6346.25 6371.84 6678.46 6562.60 0.038 0.030 0.032 0.005
2009-08-30  23:09:56  1800  sh300026 2455074.47901 -14.40 6346.18 6371.87 6677.25 6562.61 0.046 0.025 0.048 0.005
2009-09-21  20:18:39  1800  si210016 2455096.35882 -19.64 6346.06 6372.22 6678.05 6563.09 0.036 0.033 0.015 0.004
2009-09-23  18:05:36  1200  si230012 2455098.26283 -19.84 6347.05 6372.36 6678.23 6563.09 0.014 0.042 0.028 0.005
2009-09-23  22:03:55  1200  si230026 2455098.42832 -20.11 6346.66 6372.11 6678.26 6562.12 0.042 0.040 0.030 0.005
2009-09-23  22:26:49  1200  si230028 2455098.44422 -20.13 6345.93 6372.60 6677.67 6563.15 0.076 0.039 0.049 0.005 
2009-10-09  18:13:24  1800  sj090015 2455114.27060 -21.99 6348.51 6371.64 6678.29 6562.99 0.049 0.041 0.016 0.005
2009-10-09  20:52:25  1800  sj090030 2455114.38102 -22.15 6346.59 6371.62 6678.61 6562.96 0.043 0.077 0.008 0.008
2010-04-24  02:16:39  1200  td230047 2455310.60222  22.24 6346.26 6370.84 6676.61 6562.17 0.018 0.040 0.021 0.005
2010-04-24  02:37:23  1200  td230048 2455310.61662  22.22 6346.32 6370.59 6676.92 6562.16 0.028 0.044 0.016 0.008
2010-04-25  02:45:10   900  td240050 2455311.62036  22.17 6346.42 6370.88 6676.56 6562.14 0.025 0.019 0.016 0.005
2010-04-26  02:37:15   900  td250049 2455312.61494  22.13 6346.64 6371.73 6676.59 6562.13 0.034 0.074 0.040 0.005
2010-04-28  02:05:12   900  td270025 2455314.59283  22.05 6346.30 6371.91 6677.06 6562.14 0.016 0.047 0.023 0.005
2010-04-28  02:20:50   900  td270026 2455314.60368  22.03 6346.15 6370.95 6677.08 6562.16 0.033 0.035 0.020 0.008
2010-06-26  00:02:11  1200  tf250010 2455373.51245   9.07 6347.02 6371.19 6677.19 6562.42 0.032 0.028 0.023 0.009
2010-06-29  20:49:26   600  tf290016 2455377.37523   7.95 6345.90 6371.57 6677.25 6562.45 0.049 0.095 0.028 0.007
2010-06-29  21:07:20   600  tf290017 2455377.38766   7.93 6346.08 6371.11 6677.05 6562.52 0.021 0.042 0.028 0.005
